0:
###
###
..#

1:
###
.#.
###

2:
..#
.##
###

3:
###
..#
###

4:
..#
.##
##.

5:
###
.##
##.

36x44: 40 56 31 38 38 39
44x42: 30 21 35 40 32 37
42x50: 43 34 32 41 33 40
42x36: 25 28 29 28 37 21
47x41: 47 45 57 52 46 50
50x38: 47 47 52 40 62 49
44x50: 40 35 28 46 37 38
41x43: 34 45 48 48 49 49
44x42: 46 51 52 40 46 50
48x44: 35 40 44 34 34 36
43x42: 32 32 32 31 37 31
48x48: 66 53 53 63 70 52
36x48: 49 40 40 44 32 57
35x45: 30 24 27 28 25 31
35x46: 42 45 41 36 38 45
46x44: 30 34 37 43 30 35
47x50: 54 68 69 50 63 60
50x47: 71 56 54 65 64 52
41x46: 23 37 25 30 38 42
43x42: 44 37 44 44 65 49
45x47: 45 37 33 26 49 35
35x36: 30 39 26 29 39 32
36x40: 16 37 39 19 19 25
50x38: 55 47 52 45 35 55
45x46: 56 55 42 56 59 51
43x41: 39 52 46 50 39 44
41x41: 45 33 50 36 43 53
38x44: 21 32 33 22 31 29
35x49: 38 35 57 43 44 49
47x50: 28 39 41 42 48 41
43x40: 46 48 39 42 47 43
44x47: 47 55 48 47 51 69
41x37: 43 32 35 39 38 46
43x36: 29 24 26 36 21 32
48x47: 72 43 59 57 53 62
48x39: 48 43 43 45 57 54
36x39: 39 34 33 35 33 41
44x35: 28 26 26 21 25 27
37x50: 39 27 34 32 34 26
35x35: 39 28 26 33 31 31
46x47: 38 44 34 39 37 33
35x39: 33 25 20 23 21 20
38x48: 52 50 42 47 53 38
35x36: 33 20 19 20 23 16
48x49: 47 39 39 51 27 53
50x41: 34 39 36 31 32 35
45x48: 66 53 60 58 44 49
37x50: 36 27 31 30 33 35
36x39: 25 20 32 25 29 24
48x42: 46 33 34 43 32 36
35x44: 31 39 43 48 40 37
43x50: 36 43 44 28 41 31
50x46: 45 50 58 67 70 67
38x46: 38 23 29 32 26 32
36x49: 33 35 39 27 29 29
36x50: 31 26 39 28 45 23
42x40: 30 20 35 33 34 30
42x35: 27 27 12 28 24 36
40x37: 29 25 27 27 21 26
50x36: 37 57 58 46 47 34
47x38: 31 32 34 26 26 30
35x44: 45 39 31 44 43 35
41x46: 49 51 43 64 35 44
42x37: 26 30 23 29 33 27
35x37: 15 22 20 29 22 24
37x42: 38 34 35 41 41 50
46x48: 39 39 35 46 41 40
49x38: 34 31 26 29 40 32
37x47: 43 50 45 40 49 42
37x48: 57 33 36 50 42 53
38x46: 39 51 40 48 47 44
39x47: 35 42 56 54 56 43
38x45: 43 34 61 62 34 29
36x45: 23 33 24 32 35 32
39x45: 27 36 35 37 23 36
35x35: 39 26 24 34 26 37
50x42: 59 50 64 49 58 46
40x44: 32 32 35 35 26 22
38x43: 25 36 31 22 30 23
36x47: 32 28 23 31 34 32
37x38: 39 36 38 39 36 29
47x38: 52 41 37 51 39 52
36x45: 26 29 32 25 38 29
49x36: 34 31 40 25 36 26
35x48: 20 33 36 29 24 33
40x46: 44 58 53 41 43 44
37x41: 41 42 30 42 45 34
36x38: 27 38 33 37 47 32
36x45: 39 43 40 38 40 49
38x37: 30 24 18 16 27 29
46x41: 33 32 29 35 28 38
41x45: 25 34 34 28 39 35
35x48: 35 23 22 35 28 32
41x47: 25 32 27 40 30 41
45x47: 52 60 46 66 53 47
45x42: 58 60 35 40 51 46
40x38: 39 45 35 41 48 28
36x39: 26 29 28 17 33 22
36x38: 33 29 36 47 35 31
43x40: 31 25 31 29 35 31
39x47: 45 50 55 47 52 36
42x38: 36 19 30 32 21 30
44x47: 50 54 61 58 48 47
35x45: 41 42 44 36 37 42
36x40: 37 36 30 44 38 36
46x47: 38 42 39 41 36 29
50x47: 67 62 56 55 56 64
37x45: 44 42 45 39 44 43
39x40: 26 23 37 26 28 29
37x47: 53 42 42 46 46 39
37x45: 35 23 19 40 32 30
47x39: 35 36 25 41 30 28
38x50: 34 28 32 38 27 32
37x40: 26 24 22 26 33 25
47x36: 34 45 42 49 38 51
44x50: 55 56 48 56 62 62
49x40: 45 41 26 27 25 44
40x50: 31 40 36 32 42 27
43x43: 38 29 33 32 35 29
43x40: 45 41 37 50 45 46
40x44: 41 50 44 52 49 36
37x39: 40 38 28 42 34 38
45x49: 59 61 56 53 58 53
35x38: 29 35 36 34 26 43
36x45: 28 34 25 37 27 29
44x42: 36 27 32 39 29 33
42x37: 29 31 34 20 23 31
47x39: 43 56 48 50 32 49
50x47: 40 30 28 47 43 52
46x41: 54 46 41 51 50 48
47x43: 52 43 51 60 48 56
48x44: 50 62 48 50 53 61
39x38: 30 25 28 24 26 23
47x50: 36 39 36 40 36 53
43x41: 48 53 37 33 47 53
44x36: 29 18 28 28 32 33
49x46: 40 41 38 32 49 39
49x40: 37 34 34 31 33 39
40x48: 52 53 44 43 43 58
41x42: 46 48 43 33 47 49
35x41: 41 29 37 35 29 48
49x44: 47 55 47 61 73 53
39x49: 46 35 30 33 30 34
44x50: 53 48 58 64 60 57
40x36: 35 36 32 46 30 40
41x50: 54 51 46 64 47 51
42x35: 35 41 43 36 37 35
38x37: 26 28 23 25 19 22
49x40: 38 52 53 42 63 58
44x36: 47 40 37 45 43 32
43x43: 38 36 32 30 30 29
42x50: 52 49 57 64 48 52
42x47: 58 47 47 51 56 46
39x45: 42 46 41 44 56 44
40x41: 42 43 34 45 62 31
36x45: 25 25 25 32 27 46
45x48: 42 45 27 32 45 49
40x44: 36 33 36 32 21 24
40x45: 33 34 41 28 36 23
36x50: 36 40 63 52 48 41
47x37: 34 62 36 48 46 41
38x36: 20 25 26 24 24 24
46x40: 38 57 50 43 45 50
42x38: 24 24 32 35 29 23
42x50: 52 59 55 41 52 64
39x42: 35 26 33 33 25 29
43x50: 52 63 67 49 46 53
38x36: 21 23 25 25 24 25
42x48: 54 59 43 52 54 48
41x40: 43 49 49 36 33 41
47x47: 58 61 59 56 59 48
40x41: 34 28 24 29 30 23
38x39: 27 23 15 27 28 35
49x49: 59 62 61 68 63 57
41x44: 57 56 46 40 43 35
35x42: 41 38 37 35 44 33
41x44: 24 34 33 26 28 36
42x39: 28 30 38 29 30 27
38x47: 51 42 44 51 39 46
37x43: 35 34 48 47 44 39
37x41: 33 26 20 26 29 22
50x49: 42 35 45 43 50 41
44x41: 36 41 61 43 50 50
44x44: 31 36 35 23 30 41
38x50: 56 48 47 52 48 41
45x39: 48 36 41 45 43 56
42x39: 35 49 43 47 37 40
50x46: 38 32 37 40 41 52
46x45: 63 59 44 54 51 46
43x36: 35 28 33 31 17 24
47x44: 50 48 48 61 65 49
41x50: 35 35 32 34 36 35
47x47: 62 56 50 67 59 46
45x43: 39 44 50 57 50 58
44x44: 48 51 56 45 49 50
35x49: 27 30 34 30 25 29
49x48: 69 63 62 61 63 45
40x46: 36 38 25 32 28 36
49x49: 39 57 33 37 37 52
49x47: 38 37 40 49 39 36
47x42: 55 53 44 55 44 50
48x42: 37 33 36 49 39 29
36x43: 25 31 23 35 27 26
44x35: 35 41 47 24 39 52
41x39: 42 47 41 41 36 38
50x50: 66 59 58 75 74 55
49x36: 45 36 50 38 51 54
48x45: 39 37 35 39 45 44
39x41: 38 22 33 26 24 25
35x50: 27 35 25 26 37 26
40x42: 46 38 42 52 37 42
43x46: 61 45 55 43 50 51
46x42: 35 26 50 25 34 40
47x36: 37 47 47 43 40 46
48x36: 43 54 38 36 37 55
40x46: 41 49 50 44 51 50
47x47: 47 68 56 60 56 53
48x39: 37 41 41 32 28 28
40x37: 42 29 44 39 32 41
45x37: 39 54 36 48 38 39
41x48: 63 45 53 41 49 52
46x39: 40 49 43 49 47 48
38x41: 27 26 23 19 30 30
48x46: 43 30 39 38 52 38
38x38: 50 34 32 46 34 25
39x37: 32 34 40 47 34 35
48x35: 49 33 39 52 42 43
40x49: 51 49 64 51 41 45
41x38: 39 46 36 32 49 40
37x36: 37 44 29 23 39 34
42x43: 35 39 32 25 23 41
39x43: 41 48 41 54 43 31
36x49: 45 39 57 38 58 40
36x48: 34 27 30 35 34 31
46x37: 28 37 33 21 33 27
48x44: 62 51 66 37 62 51
48x38: 49 48 43 50 56 37
41x36: 48 41 31 36 37 33
36x42: 39 33 34 42 42 43
38x47: 47 48 49 36 47 49
42x39: 43 28 22 29 38 21
44x37: 32 46 53 39 40 42
46x41: 48 53 42 43 61 46
38x37: 46 29 46 24 32 40
49x44: 47 43 67 59 49 67
40x36: 40 29 37 44 30 40
38x43: 32 24 29 30 22 30
43x44: 48 42 52 47 45 57
50x35: 36 54 48 48 42 41
41x40: 36 44 30 46 56 43
50x43: 53 55 63 43 65 56
36x49: 33 27 33 42 32 24
40x47: 39 38 33 28 30 27
47x42: 42 28 40 29 34 37
45x40: 23 27 36 46 38 25
44x37: 44 35 37 45 41 48
35x35: 27 41 27 25 31 37
36x41: 46 38 30 36 37 39
50x35: 37 50 39 64 42 36
49x49: 56 57 67 57 53 78
42x36: 35 32 33 41 49 45
41x38: 37 46 46 36 37 38
36x36: 31 25 40 42 27 34
37x49: 47 48 48 50 42 43
42x40: 23 30 34 26 38 31
40x49: 57 52 46 56 49 41
49x47: 43 55 64 58 65 72
44x37: 47 43 36 44 46 35
47x48: 32 34 43 42 51 38
41x43: 49 47 51 37 54 37
39x49: 54 67 41 46 41 42
48x37: 48 42 37 49 45 51
36x40: 33 20 29 27 22 25
41x44: 32 25 38 29 23 35
36x40: 37 30 35 45 31 42
46x50: 29 52 35 32 47 44
35x42: 24 23 33 25 20 28
35x41: 27 29 20 21 20 25
39x48: 51 49 46 61 45 35
50x44: 43 37 36 50 30 28
35x38: 29 38 31 45 33 28
38x37: 21 27 30 25 20 20
50x38: 49 50 52 49 45 47
40x49: 38 36 36 34 35 28
35x35: 33 30 22 27 40 38
44x35: 28 24 21 21 32 28
38x40: 21 26 29 27 29 23
45x39: 42 45 40 51 47 45
46x47: 52 55 60 57 57 53
40x41: 19 23 29 42 25 31
48x38: 35 44 60 50 44 49
44x48: 38 31 43 47 27 38
41x36: 41 36 35 46 31 36
50x46: 49 67 61 61 51 63
40x42: 53 42 36 37 47 44
49x37: 27 22 34 44 25 40
41x47: 55 49 46 48 49 49
46x46: 67 49 51 57 49 51
37x38: 23 18 25 31 21 26
36x37: 31 38 31 38 31 35
48x50: 34 45 51 37 45 43
35x37: 37 33 39 31 29 30
41x39: 20 31 17 47 28 26
35x41: 28 23 25 25 18 23
35x42: 18 28 26 24 22 36
46x49: 43 44 40 36 33 43
43x43: 49 52 43 45 57 41
42x43: 46 56 52 42 40 41
49x42: 46 42 32 36 34 33
47x43: 53 53 57 51 55 44
39x47: 50 44 41 48 49 50
48x48: 68 56 46 64 63 57
46x48: 62 62 55 49 61 52
45x39: 28 29 34 32 40 32
44x46: 36 29 43 25 37 40
36x45: 37 41 38 47 49 39
45x45: 53 52 35 55 58 58
35x46: 27 23 24 28 25 38
39x37: 30 33 24 19 27 23
35x43: 43 29 39 39 49 36
48x39: 40 45 44 57 45 56
41x43: 41 47 48 46 53 39
46x37: 42 45 43 38 47 48
35x47: 39 42 43 49 40 40
38x42: 44 42 45 40 47 30
43x43: 49 57 45 39 49 46
36x50: 22 40 33 32 30 35
50x35: 42 51 51 40 50 38
50x38: 49 62 33 48 41 55
37x46: 28 38 26 21 33 34
43x42: 42 52 52 49 43 40
36x37: 44 29 32 32 31 36
37x36: 23 29 23 27 26 16
46x38: 56 41 40 42 43 46
39x35: 36 29 39 40 35 32
35x43: 32 46 42 32 41 40
48x39: 33 35 23 37 41 38
46x36: 44 36 48 40 43 45
42x37: 28 26 25 39 21 29
37x40: 22 23 23 32 27 28
41x39: 22 31 34 22 22 38
39x47: 41 47 47 39 53 57
44x38: 23 29 29 31 22 33
40x44: 38 27 32 26 26 32
46x42: 52 52 57 45 40 50
35x44: 41 37 38 42 46 35
40x45: 24 35 25 44 35 31
42x35: 31 37 37 39 44 40
42x44: 33 37 23 33 33 37
50x40: 29 35 42 27 38 36
36x47: 47 40 48 31 42 53
49x36: 48 38 27 52 55 52
44x45: 59 53 45 48 54 46
40x48: 40 34 27 44 31 31
40x48: 44 46 46 50 55 56
48x39: 42 33 31 37 25 39
36x44: 39 36 47 37 45 42
46x41: 54 43 44 38 53 59
45x47: 35 40 37 29 38 45
37x37: 39 50 28 37 29 25
46x35: 36 50 41 33 49 41
38x49: 41 33 38 19 30 31
37x42: 44 36 39 33 39 48
41x50: 34 43 29 37 38 26
46x35: 50 43 43 31 44 38
42x39: 32 34 31 26 29 29
42x45: 36 40 31 34 32 37
40x39: 29 24 17 33 39 27
49x41: 35 32 35 30 36 40
41x42: 40 29 32 26 30 24
38x35: 32 39 30 30 33 40
49x48: 39 40 35 53 50 38
44x40: 29 30 35 28 24 36
42x48: 51 51 47 59 60 44
46x49: 45 69 59 59 50 63
36x35: 22 23 25 26 14 21
38x43: 45 38 45 47 42 35
47x49: 55 68 51 59 64 58
45x37: 37 36 31 27 22 27
47x47: 61 66 51 58 42 57
40x46: 52 52 49 44 41 44
38x45: 34 27 27 24 35 33
45x42: 43 53 45 43 46 60
42x46: 51 50 54 45 42 54
37x36: 28 19 33 24 24 16
50x36: 27 44 28 26 31 35
42x44: 52 45 44 47 54 44
38x37: 36 34 35 35 31 44
45x44: 30 29 41 44 33 32
46x40: 33 38 50 51 58 57
36x41: 35 38 33 39 32 48
40x46: 30 31 36 36 31 31
47x47: 53 53 60 60 54 60
46x50: 44 45 45 34 33 38
45x47: 33 40 41 39 29 42
47x38: 48 34 47 54 42 49
37x41: 29 30 21 24 23 28
46x40: 43 50 35 68 42 42
42x40: 36 50 41 35 35 59
49x37: 41 47 56 46 44 46
36x42: 30 33 31 24 24 25
50x48: 36 60 32 33 47 47
36x42: 30 41 35 50 31 43
50x40: 72 46 48 48 49 44
40x37: 36 30 46 43 34 39
45x39: 32 26 32 31 44 30
35x35: 27 26 42 36 30 29
41x49: 33 34 30 34 44 33
50x43: 45 60 53 62 53 57
37x39: 22 34 39 25 19 16
44x46: 49 56 57 48 51 51
41x38: 31 50 29 35 52 45
35x42: 32 20 27 24 27 24
48x37: 37 24 30 28 35 37
42x47: 42 38 34 32 31 32
46x39: 54 36 33 52 59 44
50x39: 43 44 50 54 56 55
46x43: 43 53 48 51 61 51
40x50: 50 46 46 51 57 59
39x50: 27 36 35 44 35 31
40x42: 33 37 29 27 24 32
36x37: 32 24 21 23 22 21
46x48: 50 53 63 65 61 50
43x42: 49 45 43 44 51 47
35x40: 17 18 33 21 31 23
48x48: 57 55 58 59 61 65
46x44: 41 40 25 28 43 32
47x38: 30 26 26 37 35 26
44x39: 31 26 29 33 33 29
48x47: 64 60 67 50 55 52
45x44: 53 48 41 55 56 52
48x48: 63 56 54 57 59 65
46x41: 35 25 30 36 32 36
36x40: 28 37 35 38 45 41
40x35: 26 16 18 29 30 23
36x46: 47 44 41 38 33 49
44x49: 35 31 38 58 24 38
40x39: 19 32 25 36 39 18
43x40: 31 52 38 55 55 36
43x36: 34 36 34 39 48 49
45x36: 29 29 37 19 42 24
37x37: 33 41 42 34 36 26
38x35: 33 40 39 36 29 27
36x41: 40 42 29 39 31 43
40x39: 22 33 26 30 33 24
41x38: 36 45 40 41 36 41
41x47: 49 54 52 45 46 50
43x41: 37 24 30 21 34 36
49x42: 38 35 38 37 25 50
50x45: 51 59 56 56 68 59
37x49: 49 51 48 45 42 43
48x45: 57 66 49 50 57 53
47x36: 22 26 31 27 33 41
44x46: 54 60 46 51 49 50
40x46: 44 50 38 46 44 59
49x45: 60 63 56 48 58 55
40x46: 54 47 45 38 54 47
50x50: 72 62 62 62 65 62
42x46: 44 40 46 59 43 63
50x45: 63 51 58 51 70 57
35x38: 25 17 19 28 28 15
35x38: 39 37 29 41 27 29
35x42: 30 24 22 22 33 23
43x42: 43 48 49 50 48 41
37x50: 32 39 29 34 23 34
36x41: 29 30 24 16 28 28
35x42: 39 34 48 34 42 32
47x46: 56 50 62 64 49 51
48x37: 42 42 36 55 52 47
42x36: 23 26 26 26 30 36
44x48: 58 52 58 53 45 57
50x37: 40 44 53 55 42 50
50x49: 63 60 68 63 67 58
46x36: 31 25 28 23 36 37
46x48: 54 62 54 56 54 59
41x42: 21 27 30 25 39 40
39x45: 47 47 34 41 60 44
48x41: 53 50 59 39 49 54
38x47: 41 46 39 45 46 57
37x42: 38 41 35 35 44 47
46x48: 57 45 55 64 54 64
48x39: 38 56 57 44 42 51
45x45: 50 57 51 53 49 51
48x44: 61 39 53 67 43 59
40x38: 39 39 37 41 40 38
44x40: 38 21 25 28 29 41
43x50: 59 64 57 50 40 57
48x36: 39 34 29 32 30 28
46x42: 55 45 46 53 46 51
49x38: 49 52 45 37 40 61
37x46: 50 30 38 43 50 52
50x48: 73 60 55 61 56 62
39x50: 52 42 51 57 49 49
41x37: 25 32 32 24 21 21
49x46: 64 68 51 62 50 49
42x44: 51 35 53 52 42 51
46x41: 31 40 32 31 25 36
47x38: 44 47 51 52 39 41
38x35: 18 23 24 20 23 24
41x38: 22 28 30 28 33 15
43x47: 35 42 35 27 32 38
38x46: 33 19 36 37 22 32
38x36: 38 30 39 37 34 33
44x47: 57 61 53 43 55 50
36x50: 52 39 41 50 44 50
41x38: 28 28 29 30 22 18
42x49: 37 26 33 35 47 46
50x35: 28 30 20 39 22 36
45x46: 36 28 35 57 30 39
41x38: 42 36 34 41 53 37
44x42: 55 48 41 47 41 50
44x44: 26 37 29 39 35 30
41x39: 27 30 29 29 29 25
36x44: 28 40 41 55 37 42
45x41: 36 31 30 33 33 31
47x49: 61 51 63 53 55 71
46x41: 49 48 50 46 53 46
42x35: 29 30 30 16 19 29
43x50: 53 62 41 57 51 64
38x47: 41 56 56 41 40 41
37x44: 35 28 30 23 24 28
48x42: 63 54 52 53 39 46
41x40: 50 39 34 42 37 48
37x47: 45 46 49 39 47 43
36x44: 38 53 33 43 45 32
50x39: 32 28 31 34 37 46
45x37: 38 39 43 41 52 46
37x39: 26 25 34 20 19 32
38x42: 25 24 24 39 20 35
49x38: 51 50 49 54 44 38
41x45: 45 58 46 37 44 53
48x38: 38 27 30 22 33 42
44x36: 40 39 47 37 44 39
44x42: 53 43 46 49 36 54
36x48: 28 43 26 30 29 36
39x37: 44 38 42 27 33 38
42x50: 28 40 42 47 35 31
37x36: 33 33 30 35 28 44
44x40: 38 50 49 43 53 41
48x50: 55 48 68 67 60 72
36x44: 41 39 43 45 32 42
49x37: 45 58 37 39 50 50
42x40: 28 32 32 34 30 25
40x45: 44 52 41 45 48 47
49x50: 59 65 59 60 61 72
48x47: 54 53 70 59 43 66
41x47: 44 55 45 51 49 52
47x44: 44 52 59 55 59 52
45x49: 43 39 33 31 51 42
43x35: 42 32 40 30 38 50
43x39: 47 41 43 46 39 41
45x44: 61 49 43 49 58 46
50x44: 42 36 42 30 37 36
45x41: 33 34 34 25 34 34
43x37: 25 31 28 37 22 24
43x41: 25 34 26 33 32 32
42x49: 63 58 43 39 48 63
36x50: 27 26 39 38 31 30
39x36: 33 41 27 42 33 38
43x41: 34 29 27 28 35 29
46x45: 59 51 63 54 56 38
43x39: 45 46 34 41 53 41
50x38: 39 54 47 49 41 60
36x39: 40 41 28 33 32 40
42x48: 59 55 56 49 37 51
38x36: 30 23 26 14 26 25
45x50: 42 40 32 38 35 52
44x44: 57 47 50 55 42 45
37x39: 40 48 40 29 31 33
45x35: 31 30 29 23 32 19
49x45: 49 56 62 57 55 61
48x39: 19 36 35 32 47 38
40x41: 44 41 53 35 34 45
44x35: 50 39 37 42 33 34
45x49: 29 46 47 49 39 29
47x49: 49 69 67 61 60 50
48x43: 55 54 58 50 51 50
44x49: 49 65 55 50 55 58
49x37: 36 30 28 31 31 35
50x35: 45 46 46 51 42 39
37x40: 20 29 22 25 26 33
46x43: 38 27 32 44 35 34
50x37: 51 46 52 34 49 54
38x47: 48 41 51 49 32 51
42x46: 52 50 44 58 54 40
49x35: 52 49 44 32 44 43
41x35: 37 35 33 41 42 34
39x43: 28 48 52 43 44 45
37x47: 50 48 39 39 48 44
48x44: 54 56 46 54 57 58
42x40: 27 36 25 30 33 31
47x41: 51 35 49 56 51 55
50x46: 49 60 63 48 63 73
41x48: 48 49 60 54 56 39
48x41: 46 51 46 50 52 58
40x47: 39 32 30 26 37 30
47x49: 35 38 44 51 33 39
42x39: 26 42 28 23 32 31
46x37: 27 29 30 23 39 32
40x39: 18 34 31 30 23 32
37x36: 21 27 23 26 26 21
43x39: 51 44 35 37 43 47
41x45: 36 22 37 37 37 26
37x43: 20 31 31 35 22 28
48x35: 27 28 33 28 29 30
36x50: 40 46 45 53 53 42
42x40: 47 44 41 52 31 40
38x46: 45 41 43 41 56 46
35x42: 28 23 19 37 22 25
35x49: 35 27 28 33 22 31
46x46: 63 52 55 42 61 55
39x49: 48 53 47 52 53 42
47x46: 36 35 31 38 47 38
49x49: 67 57 56 63 69 59
40x37: 20 28 28 23 29 27
46x50: 35 45 36 38 41 44
35x42: 32 37 45 38 46 32
38x44: 43 45 37 44 37 49
38x49: 45 51 45 58 50 38
47x35: 45 45 45 36 47 37
49x47: 64 59 65 53 61 54
47x40: 45 44 55 59 50 38
40x48: 43 28 44 22 35 36
37x44: 26 29 28 28 35 22
37x39: 24 29 21 22 28 31
49x49: 63 62 66 65 68 48
42x41: 47 43 48 41 52 37
48x49: 61 67 55 54 62 63
36x39: 24 23 30 22 17 40
36x44: 28 25 25 33 28 29
41x38: 19 27 33 20 20 36
39x45: 26 33 30 38 36 31
36x36: 31 19 25 31 20 18
36x38: 24 26 17 20 30 26
37x40: 39 38 44 43 35 29
49x44: 28 39 39 35 38 44
50x46: 59 59 60 61 76 44
45x45: 51 60 50 53 50 47
45x40: 45 43 49 53 40 46
45x48: 37 39 35 48 43 38
49x41: 49 48 44 61 64 46
45x42: 56 54 51 42 44 43
45x48: 50 57 48 59 47 68
39x43: 30 28 19 38 33 33
46x40: 39 29 30 27 30 39
48x46: 60 63 71 58 32 51
43x42: 37 56 49 45 44 47
49x40: 51 49 49 55 44 52
49x43: 52 58 53 54 60 49
38x39: 33 25 20 23 27 27
50x35: 49 41 42 50 48 40
50x50: 49 37 41 43 45 41
42x41: 44 37 47 57 49 33
47x39: 31 35 31 38 32 27
35x43: 44 35 33 34 39 46
46x47: 55 54 59 48 64 56
47x44: 33 40 32 32 30 42
47x35: 28 28 28 25 29 27
37x47: 50 39 59 39 42 40
41x46: 31 38 36 29 23 37
38x47: 29 29 20 34 36 31
38x37: 23 32 19 18 26 25
43x50: 53 23 32 35 35 46
47x35: 34 29 26 24 26 26
47x35: 48 35 36 51 41 41
40x44: 40 51 54 37 40 49
47x48: 46 45 35 32 49 32
49x42: 61 44 46 58 56 52
39x41: 43 50 42 36 36 38
44x44: 54 59 34 54 43 50
41x45: 31 26 33 42 30 33
41x40: 33 46 48 42 48 38
45x45: 48 26 37 35 36 42
36x46: 42 39 39 52 37 44
47x41: 58 52 34 57 44 48
37x42: 26 27 31 24 31 28
41x45: 48 57 48 39 50 43
38x48: 47 49 49 44 49 44
42x38: 29 17 29 39 33 20
47x42: 52 60 46 47 42 54
47x50: 58 57 54 59 67 68
42x36: 38 41 52 36 32 34
46x40: 51 41 48 49 42 51
39x46: 49 44 37 44 50 52
47x48: 71 63 62 56 51 43
42x38: 32 41 48 43 34 47
36x49: 52 37 47 51 32 49
35x39: 29 39 36 29 34 43
50x47: 51 63 58 59 69 64
40x42: 38 43 40 49 45 44
40x40: 26 34 24 28 18 39
46x44: 60 48 45 44 50 63
46x38: 48 48 55 37 35 45
36x42: 28 25 25 29 24 36
42x42: 50 46 45 39 57 38
38x42: 48 47 34 38 45 34
47x43: 39 32 37 29 34 38
48x47: 33 41 44 42 39 41
47x35: 29 25 29 24 31 27
46x44: 58 51 46 43 52 61
43x36: 33 23 31 26 28 26
36x41: 21 28 31 26 20 30
50x41: 55 54 59 44 50 54
36x39: 36 35 39 42 40 26
37x46: 40 46 58 38 39 42
46x48: 58 60 53 67 45 53
42x43: 55 41 40 49 53 41
36x40: 37 38 35 31 49 35
38x43: 29 31 23 28 22 34
38x35: 19 19 22 22 27 23
47x41: 43 49 50 54 46 54
42x48: 39 31 37 34 48 34
35x49: 31 34 36 22 26 27
41x40: 42 56 34 33 33 51
44x40: 51 36 36 49 56 45
35x39: 27 22 27 20 19 28
43x47: 27 34 40 37 31 41
42x40: 55 39 42 41 41 40
46x50: 67 59 54 56 57 60
36x36: 38 38 35 28 34 27
41x49: 36 30 35 35 42 30
49x43: 55 58 56 54 48 52
47x42: 43 33 35 30 27 41
42x50: 56 57 51 59 47 51
43x48: 29 38 44 36 38 39
50x46: 47 37 43 34 34 45
42x35: 34 45 35 34 38 40
40x47: 29 27 34 32 32 40
41x40: 31 25 30 31 22 30
48x49: 54 68 59 53 60 68
45x42: 56 52 43 42 55 44
43x35: 36 19 23 19 29 28
48x39: 46 51 39 56 44 50
38x44: 28 20 20 36 28 36
41x44: 46 34 48 51 50 50
45x36: 34 28 25 30 33 29
47x44: 53 55 44 61 49 54
35x40: 23 26 20 24 25 25
49x39: 57 46 49 48 45 48
44x38: 24 31 20 35 22 35
41x38: 25 27 19 32 35 18
35x36: 42 27 29 40 33 23
38x35: 29 35 33 39 39 31
36x37: 30 29 30 19 17 18
41x45: 37 40 30 27 30 31
50x44: 54 57 57 56 64 53
43x41: 25 35 29 25 30 38
49x41: 43 33 31 30 36 35
42x49: 49 57 65 43 44 58
37x44: 50 33 39 41 47 42
50x45: 43 33 38 53 36 37
38x39: 46 31 45 32 37 38
41x39: 32 27 21 28 30 31
44x39: 39 50 39 46 45 45
37x39: 29 28 31 26 17 24
40x50: 37 34 43 31 29 34
49x46: 39 41 37 42 46 34
36x45: 25 31 36 34 33 21
47x35: 50 43 37 36 43 44
46x45: 41 51 57 57 62 54
35x45: 36 38 31 54 33 47
36x48: 39 43 51 37 41 55
43x40: 49 39 40 45 47 45
42x44: 30 34 31 36 36 28
45x46: 54 62 46 63 47 44
48x48: 33 35 46 36 53 53
48x37: 48 45 43 53 42 41
38x38: 16 23 23 21 32 28
42x35: 42 28 35 31 48 45
46x41: 35 26 29 38 31 35
45x37: 32 31 31 33 28 24
44x35: 28 24 16 32 27 26
49x42: 52 55 41 59 48 59
43x43: 41 53 45 46 53 48
45x50: 52 66 58 56 56 58
44x38: 44 46 46 42 43 37
48x40: 34 32 45 29 37 30
36x44: 44 53 38 32 39 37
48x39: 43 46 54 45 51 51
41x37: 45 41 37 39 31 38
48x47: 48 59 65 61 50 63
38x38: 17 29 23 21 23 30
39x41: 35 41 33 52 41 43
37x46: 36 47 40 50 45 44
49x39: 46 52 54 45 52 47
38x50: 50 33 55 52 54 51
44x46: 42 35 41 25 35 32
41x39: 44 41 43 41 32 43
41x43: 37 30 35 22 31 26
44x50: 54 66 57 60 47 52
43x45: 43 27 43 29 38 30
43x43: 41 38 54 41 56 58
49x44: 51 53 65 51 64 52
42x41: 37 39 49 46 45 50
36x40: 36 37 31 48 40 30
38x49: 46 41 48 40 45 66
47x45: 61 53 53 62 42 51
41x42: 40 27 31 31 27 25
37x42: 25 32 30 24 38 18
46x48: 42 60 61 64 55 58
38x43: 46 44 44 46 28 40
46x45: 31 34 37 34 49 39
36x42: 19 32 34 27 26 29
50x48: 42 39 49 41 44 41
36x42: 27 19 29 30 37 26
37x35: 34 36 24 39 26 37
43x45: 61 54 43 54 49 36
42x42: 37 27 33 32 32 34
38x44: 24 33 24 26 30 31
49x48: 60 58 71 57 48 66
43x40: 51 51 37 37 44 44
39x37: 37 45 38 36 32 33
48x50: 51 30 49 43 37 46
48x45: 57 55 51 53 66 53
49x50: 63 62 55 63 63 70
38x44: 46 48 39 46 53 28
42x43: 45 37 31 32 26 25
45x44: 45 49 54 61 43 51
50x42: 53 39 34 38 30 29
39x42: 38 47 39 47 43 38
49x44: 37 35 39 30 37 45
45x44: 50 47 61 45 60 46
38x36: 21 23 24 29 22 24
46x40: 33 27 32 36 32 35
47x45: 58 54 46 48 59 61
40x42: 48 36 50 37 44 45
47x47: 56 48 58 52 59 68
43x38: 24 21 34 25 26 37
39x39: 45 34 44 44 43 26
36x44: 32 34 21 32 26 23
43x48: 63 38 47 54 63 55
44x43: 25 36 33 35 33 34
46x49: 55 55 53 62 56 65
41x48: 53 53 52 48 50 47
48x36: 50 47 42 48 45 34
44x41: 55 41 38 41 51 52
36x39: 25 26 28 24 25 28
38x49: 43 50 52 43 47 52
41x40: 26 24 23 43 29 24
39x46: 37 55 56 45 33 48
39x42: 37 26 29 29 28 33
40x35: 27 43 38 43 33 31
45x35: 46 42 39 39 32 42
38x44: 53 32 42 47 45 39
49x50: 45 44 38 48 37 44
39x49: 41 60 52 40 50 52
43x46: 47 46 52 61 44 53
43x43: 31 26 29 32 46 31
43x43: 31 31 26 37 28 43
35x44: 48 40 34 40 34 39
48x47: 32 38 41 47 35 46
37x46: 54 39 48 39 45 38
37x41: 16 32 27 27 23 31
48x38: 47 45 44 48 55 44
35x36: 25 33 37 36 33 31
35x38: 20 24 17 29 23 18
41x38: 30 24 22 19 28 32
39x48: 49 45 51 47 46 50
44x43: 34 31 37 34 29 30
47x35: 48 33 47 43 38 44
48x43: 45 35 38 41 30 35
36x36: 33 20 22 27 22 20
35x47: 31 25 19 28 33 28
44x43: 21 31 40 29 40 35
41x43: 26 29 30 33 27 37
45x35: 36 46 42 42 44 34
45x35: 28 41 23 25 26 22
43x49: 53 51 55 58 59 50
47x41: 33 26 37 32 24 42
42x46: 40 38 22 41 40 28
49x38: 24 29 27 42 37 32
47x38: 24 41 29 25 31 30
45x48: 59 51 58 57 49 57
40x46: 47 46 39 41 64 50
37x40: 30 37 36 37 32 54
35x49: 41 48 54 40 45 38
37x35: 30 41 30 33 33 32
37x47: 32 19 39 35 34 20
38x50: 52 47 53 41 59 44
43x41: 60 45 38 41 44 42
44x38: 17 34 27 28 38 23
49x41: 62 46 43 53 34 65
35x38: 42 38 29 38 27 28
50x47: 35 42 35 39 44 44
36x36: 23 35 34 41 24 40
45x49: 49 35 34 38 47 36
47x49: 62 64 57 49 65 59
36x46: 29 34 34 26 32 25
43x37: 30 22 28 21 28 38
37x37: 36 43 30 30 34 37
36x47: 45 39 46 50 40 40
46x41: 48 51 43 46 50 52
49x43: 35 40 45 28 35 41
39x49: 26 33 40 34 34 41
42x50: 37 43 30 39 39 36
47x38: 46 54 45 47 39 42
36x43: 31 30 33 26 29 18
49x41: 41 33 36 32 30 35
41x41: 34 44 43 47 37 52
46x50: 64 69 35 64 63 57
50x49: 53 43 37 33 49 40
50x47: 32 34 48 42 48 36
35x46: 40 43 40 43 42 40
45x42: 32 31 39 29 34 44
48x42: 44 50 63 51 48 55
41x39: 37 42 44 48 42 34
40x36: 33 39 46 40 47 21
41x48: 56 51 48 39 51 58
47x45: 35 37 35 44 31 42
47x44: 54 50 41 63 51 57
43x40: 38 52 43 37 59 40
36x36: 39 34 43 30 26 27
47x37: 45 47 48 47 43 38
49x46: 43 41 34 40 33 49
43x42: 47 45 41 50 49 46
45x50: 61 54 57 50 71 57
38x41: 39 45 36 37 39 43
35x38: 27 25 20 22 17 21
42x48: 53 51 61 48 46 51
36x43: 31 30 32 27 24 23
36x44: 46 41 35 37 36 47
44x44: 51 51 52 48 55 43
36x35: 29 31 30 34 33 37
42x40: 47 45 39 35 50 44
42x35: 44 33 39 34 35 41
35x48: 21 27 33 29 33 33
48x44: 45 27 42 41 38 31
36x37: 37 24 37 31 35 42
46x45: 37 41 44 34 33 35
36x36: 28 36 35 36 30 34
37x36: 39 28 32 38 42 28
44x37: 33 22 30 26 31 25
45x39: 33 30 29 43 26 33
44x45: 38 54 50 54 48 60
49x43: 50 30 35 35 41 33
46x50: 42 50 43 29 34 42
43x47: 35 44 26 33 36 36
48x38: 46 43 42 40 60 53
37x49: 27 32 30 33 39 31
43x48: 34 34 43 42 34 36
37x39: 36 30 40 43 41 34
41x40: 48 46 45 45 42 27
40x39: 26 29 29 39 22 23
43x43: 38 22 31 30 36 38
49x42: 57 53 44 54 51 56
35x49: 27 29 34 28 28 30
39x44: 30 26 37 26 29 33
47x40: 51 36 54 53 51 46
43x47: 48 59 46 56 50 51
36x41: 49 35 36 38 37 32
36x39: 33 40 40 30 36 38
39x43: 53 37 41 47 46 35
46x35: 44 34 39 43 46 43
41x38: 32 46 49 47 29 35
41x35: 40 35 34 33 42 38
36x41: 31 26 26 19 19 34
40x41: 33 24 24 32 27 28
36x40: 47 27 33 39 40 36
46x38: 34 32 24 30 25 34
43x40: 27 25 31 29 25 44
43x44: 36 35 30 28 34 33
41x44: 45 52 38 50 51 42
46x48: 39 43 36 34 47 40
39x49: 42 63 40 46 42 58
39x47: 47 46 45 58 44 41
49x37: 26 33 33 27 34 39
39x43: 19 31 33 36 37 25
46x41: 38 43 57 57 60 40
36x36: 34 29 24 37 39 37
45x41: 34 30 31 31 39 29
41x41: 49 46 44 46 39 34
35x39: 26 29 24 20 20 24
43x45: 54 56 36 47 50 53
47x39: 48 58 47 42 39 46
39x36: 23 28 27 24 22 31
46x50: 53 49 65 67 66 57
38x38: 20 21 24 32 22 24
37x44: 57 39 40 35 36 42
36x44: 43 44 34 41 41 40
43x35: 39 44 39 34 36 39
37x39: 25 23 27 25 32 24
45x37: 41 38 44 48 48 39
47x44: 49 53 56 55 47 57
39x42: 44 32 46 44 57 34
36x36: 30 40 28 36 27 36
43x45: 53 54 57 42 49 44
45x48: 46 47 41 37 34 34
39x44: 37 53 35 45 54 42
43x35: 21 25 30 31 28 19
38x36: 25 32 22 22 16 26
37x37: 22 33 25 20 16 28
38x45: 26 34 43 25 30 21
42x36: 35 35 40 49 39 35
41x47: 30 28 37 34 27 39
48x37: 47 46 40 44 57 42
49x48: 57 49 52 80 64 60
42x44: 46 42 47 57 56 39
35x46: 45 46 35 30 48 45
49x44: 28 29 29 51 46 41
41x36: 37 36 43 43 31 36